DTW xy 

person =

    11


minHTER =

    2.0000    2.0000    2.0000    2.0000         0    1.6000


person =

    15


minHTER =

   13.5000   12.5000    4.0000    4.0000    4.0000    8.6000


person =

    16


minHTER =

   16.5000   22.0000   25.5000   17.5000   20.5000   24.5000

person =

    17


minHTER =

    2.0000         0    2.0000         0    2.5000    3.1000


person =

    18


minHTER =

         0         0         0         0         0    0.4000


person =

    20


minHTER =

     0     0     0     0     2     2


person =

    21


minHTER =

    2.5000         0    2.5000    2.5000    2.5000    2.0000


person =

    22


minHTER =

    9.5000    4.0000    4.5000    8.5000    2.5000    8.0000


























DTW xyp 


person =

    11


minHTER =

     0     0     0     0     0     0


person =

    15


minHTER =

   10.0000         0         0    2.0000         0    2.8000


person =

    16


minHTER =

    4.5000         0    6.5000    2.0000    4.5000    4.3000


person =

    17


minHTER =

     0     0     0     2     0     1


person =

    18


minHTER =

     0     0     0     0     0     0


person =

    20


minHTER =

         0         0         0         0         0    0.4000


person =

    21


minHTER =

    2.5000         0    2.5000    2.5000    2.5000    3.0000


person =

    22


minHTER =

   10.0000    2.0000    4.5000   10.0000   10.0000   11.3000


















DTW All

person =

    11


minHTER =

     0     0     0     0     0     0


person =

    15


minHTER =

    7.0000         0         0         0         0    1.9000


person =

    16


minHTER =

    2.0000         0    8.0000         0    2.0000    3.9000


person =

    17


minHTER =

         0         0    2.5000    5.0000    2.5000    3.4000


person =

    18


minHTER =

     0     0     0     0     0     0


person =

    20


minHTER =

     0     0     0     0     0     0


person =

    21


minHTER =

    2.5000         0    2.5000    2.5000    2.5000    2.0000


person =

    22


minHTER =

    7.5000         0    2.5000    9.5000   10.0000   10.1000














gmm ALL

person =

    11


minHTER =

    2.5000    2.5000         0    2.5000    2.0000    2.4000


person =

    15


minHTER =

     0     0     0     0     0     0


person =

    16


minHTER =

    4.5000    2.5000    2.5000    2.0000    4.5000    5.0000


person =

    17


minHTER =

    9.5000         0    2.0000    7.0000         0   10.0000


person =

    18


minHTER =

    6.0000    5.0000    7.5000    7.5000    6.5000    7.5000


person =

    20


minHTER =

     0     0     0     0     0     0


person =

    21


minHTER =

    2.0000         0         0         0         0    0.8000


person =

    22


minHTER =



gmm xy

person =

    11


minHTER =

   30.5000   30.0000   28.0000   32.0000   18.5000   33.5000


person =

    15


minHTER =

    4.5000    7.0000    6.5000   14.0000   16.0000   15.0000


person =

    16


minHTER =

   28.5000   16.0000    8.0000    8.5000   10.0000   21.3000


person =

    17


minHTER =

   30.0000   29.0000   35.0000   26.5000   23.5000   33.2000


person =

    18


minHTER =

   14.5000   15.5000   13.0000   21.5000   12.5000   19.1000


person =

    20


minHTER =

    4.0000    2.0000    4.0000    4.5000    9.0000    7.3000


person =

    21


minHTER =

    8.0000   10.5000    4.0000    8.5000    8.0000    9.7000


person =

    22


minHTER =

   30.5000   28.0000   25.0000   17.0000   24.5000   32.3000










gmm xyp

person =

    11


minHTER =

   10.5000   15.5000   11.0000   12.5000    8.5000   15.7000


person =

    15


minHTER =

    2.0000    2.0000         0    2.5000         0    1.9000


person =

    16


minHTER =

    2.0000         0    2.0000         0         0    2.2000


person =

    17


minHTER =

    4.5000   10.0000   12.0000    9.5000    6.0000   13.6000


person =

    18


minHTER =

   22.5000   19.0000   23.5000   22.5000   18.0000   25.8000


person =

    20


minHTER =

    4.0000    4.0000    6.0000    6.0000    6.0000    7.5000


person =

    21


minHTER =

    2.5000   12.5000    7.0000    2.5000   10.0000    9.8000


person =

    22


minHTER =

   36.5000   36.0000   27.0000   27.0000   34.5000   34.5000

         0         0         0         0         0    4.3000

